M =    14  0.225806%
A =     2  0.032258%
B =     2  0.032258%
C =     2  0.032258%
D =     2  0.032258%
E =     2  0.032258%
F =     2  0.032258%
G =     2  0.032258%
H =     2  0.032258%
I =     2  0.032258%
J =     2  0.032258%
K =     2  0.032258%
L =     2  0.032258%
N =     2  0.032258%
O =     2  0.032258%
P =     2  0.032258%
Q =     2  0.032258%
R =     2  0.032258%
S =     2  0.032258%
T =     2  0.032258%
U =     2  0.032258%
V =     2  0.032258%
W =     2  0.032258%
X =     2  0.032258%
Y =     2  0.032258%
Z =     2  0.032258%
kaigyou = 13
supe-su = 13
