e = 45217  0.127232%
t = 31515  0.088677%
a = 27330  0.076902%
o = 26427  0.074361%
n = 24330  0.068460%
s = 24222  0.068156%
h = 24115  0.067855%
i = 23324  0.065629%
r = 21196  0.059642%
d = 16778  0.047210%
l = 14674  0.041290%
u =  9739  0.027404%
w =  9393  0.026430%
m =  8165  0.022975%
c =  7736  0.021768%
g =  7691  0.021641%
f =  7688  0.021633%
y =  6918  0.019466%
b =  5853  0.016469%
p =  5511  0.015507%
v =  3181  0.008951%
k =  3175  0.008934%
x =   513  0.001443%
j =   354  0.000996%
q =   344  0.000968%
z =   215  0.000605%
kaigyou = 3136
supe-su = 79376
