E = 45217  0.127232%
T = 31515  0.088677%
A = 27330  0.076902%
O = 26427  0.074361%
N = 24330  0.068460%
S = 24222  0.068156%
H = 24115  0.067855%
I = 23324  0.065629%
R = 21196  0.059642%
D = 16778  0.047210%
L = 14674  0.041290%
U =  9739  0.027404%
W =  9393  0.026430%
M =  8165  0.022975%
C =  7736  0.021768%
G =  7691  0.021641%
F =  7688  0.021633%
Y =  6918  0.019466%
B =  5853  0.016469%
P =  5511  0.015507%
V =  3181  0.008951%
K =  3175  0.008934%
X =   513  0.001443%
J =   354  0.000996%
Q =   344  0.000968%
Z =   215  0.000605%
kaigyou = 3136
supe-su = 79376
